[2.3685560291302883,
 2.321048449540453,
 2.59732779073047,
 1.0177641418400665,
 0.499784484186939,
 0.3329695551013453,
 0.4414043313465738,
 0.5319474750785066,
 0.36768483668864,
 0.17320492896767473,
 0.14920004544500473,
 0.06481523581757495,
 0.12424211100627401,
 0.13344878466686774,
 0.11556296999879556,
 0.09122533369775015,
 0.03589595738483228,
 0.008648875798622146,
 0.006948700510159166,
 0.004147942982329206,
 0.0027261038981203005,
 0.0013319610963268196,
 0.0015679228580582373,
 0.001537564884107694,
 0.0009647227362332353,
 0.0004968627751610726,
 0.0004197597127035245,
 0.0002812344586105902,
 0.00011354399058351708,
 7.192299260941958e-05,
 5.4646779809474174e-05,
 4.5519466910904636e-05,
 3.775592506958442e-05,
 2.6618707379957756e-05,
 1.918649733129623e-05,
 8.882074186766938e-06,
 4.888364774482342e-06,
 3.1722558605846747e-06,
 2.3486037853791293e-06,
 1.8801045441434749e-06,
 2.640704200967592e-06,
 1.7218564054748904e-06,
 1.3815314464269306e-06,
 5.393297107154473e-07,
 2.323548128201223e-07,
 1.831507001767546e-07,
 1.0190426877105784e-07,
 7.60667586294838e-08,
 1.9716000511625327e-08,
 2.0286846042722865e-08]