[1279.1053961023308,
 2.089644840137218,
 1.121801208929779,
 0.16121743924097384,
 0.052222230161155014,
 0.011710218305517398,
 0.0034993430914175908,
 0.0010129987960007518,
 0.0003582177496292422,
 0.00014038928631339082,
 5.974475006990832e-05,
 4.767676226228305e-05,
 3.5323880905194486e-05,
 2.254108520632427e-05,
 2.856991101228821e-05,
 2.427339406711546e-05,
 1.399608246983455e-05,
 7.977080271891878e-06,
 1.2262575291861375e-05,
 2.2541057309073384e-05,
 2.856990804880133e-05,
 2.427341900390841e-05,
 1.399611038802133e-05,
 7.977083235469688e-06,
 1.2262550340278781e-05,
 2.2541029411788722e-05,
 2.856990508525245e-05,
 2.4273443940652593e-05,
 1.3996138306253326e-05,
 7.977086199137121e-06,
 1.2262525388741404e-05,
 2.254100151447362e-05,
 2.856990212159789e-05,
 2.427346887734757e-05,
 1.3996166224525881e-05,
 7.977089162891634e-06,
 1.2262500437260449e-05,
 2.2540973617113673e-05,
 2.8569899157849827e-05,
 2.4273493813985718e-05,
 1.3996194142834341e-05,
 7.977092126737598e-06,
 1.2262475485829001e-05,
 2.2540945719715577e-05,
 2.8569896194022937e-05,
 2.4273518750580177e-05,
 1.3996222061170131e-05,
 7.977095090672829e-06,
 1.2262450534459583e-05,
 2.254091782228254e-05,
 2.8569893230098248e-05,
 2.427354368710675e-05,
 1.3996249979553751e-05,
 7.977098054702406e-06,
 1.2262425583134067e-05,
 2.2540889924811354e-05,
 2.8569890266089724e-05,
 2.4273568623587106e-05,
 1.399627789796601e-05,
 7.97710101881871e-06,
 1.2262400631864974e-05,
 2.2540862027300847e-05,
 2.856988730197051e-05,
 2.4273593560007642e-05,
 1.3996305816414175e-05,
 7.977103983029003e-06,
 1.2262375680656597e-05,
 2.2540834129754378e-05,
 2.8569884337780702e-05,
 2.427361849638195e-05,
 1.3996333734912201e-05,
 7.977106947324196e-06,
 1.2262350729492126e-05,
 2.25408062321686e-05,
 2.8569881373489156e-05,
 2.4273643432707057e-05,
 1.399636165344483e-05,
 7.977109911711192e-06,
 1.2262325778384077e-05,
 2.254077833454903e-05,
 2.856987840911342e-05,
 2.427366836898085e-05,
 1.3996389572008712e-05,
 7.97711287619655e-06,
 1.2262300827328153e-05,
 2.254075043687036e-05,
 2.8569875444654195e-05,
 2.4273693305194833e-05,
 1.3996417490610535e-05,
 7.977115840764622e-06,
 1.2262275876320432e-05,
 2.2540722539181048e-05,
 2.8569872480088584e-05,
 2.4273718241354073e-05,
 1.3996445409258881e-05,
 7.977118805424498e-06,
 1.2262250925369132e-05,
 2.2540694641444708e-05,
 2.8569869515438777e-05,
 2.4273743177462014e-05,
 1.3996473327937176e-05,
 7.977121770180551e-06,
 1.2262225974474251e-05,
 2.2540666743674588e-05,
 2.856986655069618e-05,
 2.4273768113504607e-05,
 1.3996501246651375e-05,
 7.977124735025872e-06,
 1.2262201023627573e-05,
 2.2540638845860782e-05,
 2.85698635858565e-05,
 2.427379304951158e-05,
 1.3996529165410783e-05,
 7.977127699953546e-06,
 1.2262176072837317e-05,
 2.2540610948013196e-05,
 2.8569860620937275e-05,
 2.4273817985469794e-05,
 1.3996557084203486e-05,
 7.977130664977753e-06,
 1.2262151122090963e-05,
 2.2540583050129642e-05,
 2.856985765593851e-05,
 2.4273842921365655e-05,
 1.3996585003036748e-05,
 7.97713363008904e-06,
 1.2262126171407947e-05,
 2.254055515220896e-05,
 2.8569854690837652e-05,
 2.4273867857215284e-05,
 1.3996612921899954e-05,
 7.977136595296506e-06,
 1.2262101220767527e-05,
 2.254052725425013e-05,
 2.856985172564436e-05,
 2.4273892793007644e-05,
 1.3996640840813025e-05,
 7.97713956058414e-06,
 1.2262076270193427e-05,
 2.2540499356251984e-05,
 2.8569848760366874e-05,
 2.42739177287593e-05,
 1.3996668759750083e-05,
 7.977142525965768e-06,
 1.2262051319660246e-05,
 2.2540471458212342e-05,
 2.8569845795005546e-05,
 2.4273942664437546e-05,
 1.399669667873497e-05,
 7.97714549144357e-06,
 1.2262026369193388e-05,
 2.254044356013339e-05,
 2.856984282953783e-05,
 2.42739676000751e-05,
 1.3996724597747182e-05,
 7.977148457006269e-06,
 1.2262001418766138e-05,
 2.2540415662024e-05,
 2.856983986399093e-05,
 2.427399253565537e-05,
 1.3996752516805921e-05,
 7.977151422660775e-06,
 1.2261976468398296e-05,
 2.2540387763885194e-05,
 2.856983689833728e-05,
 2.427401747118135e-05,
 1.3996780435900564e-05,
 7.977154388406732e-06,
 1.2261951518081271e-05,
 2.254035986569834e-05,
 2.8569833932618046e-05,
 2.427404240666111e-05,
 1.3996808355023846e-05,
 7.977157354239771e-06,
 1.2261926567815067e-05,
 2.2540331967478728e-05,
 2.8569830966774167e-05,
 2.4274067342083592e-05,
 1.39968362741983e-05,
 7.977160320169341e-06,
 1.226190161760958e-05,
 2.2540304069216594e-05,
 2.856982800086936e-05,
 2.4274092277454766e-05,
 1.3996864193400081e-05,
 7.977163286185993e-06,
 1.2261876667450612e-05,
 2.254027617091952e-05,
 2.85698250348621e-05,
 2.427411721276866e-05,
 1.3996892112651004e-05,
 7.977166252291908e-06,
 1.2261851717345452e-05,
 2.2540248272576577e-05,
 2.856982206877136e-05,
 2.4274142148038882e-05,
 1.3996920031929254e-05,
 7.977169218491819e-06,
 1.2261826767285501e-05,
 2.2540220374209747e-05,
 2.8569819102596423e-05,
 2.42741670832442e-05,
 1.3996947951248063e-05,
 7.977172184778808e-06,
 1.2261801817291873e-05,
 2.2540192475791528e-05,
 2.856981613631545e-05,
 2.4274192018408378e-05,
 1.399697587061339e-05,
 7.977175151157606e-06,
 1.2261776867343464e-05,
 2.2540164577341705e-05,
 2.8569813169950284e-05,
 2.4274216953515718e-05,
 1.39970037900014e-05,
 7.977178117623127e-06,
 1.2261751917450162e-05,
 2.2540136678855917e-05,
 2.856981020350128e-05,
 2.4274241888568774e-05,
 1.399703170943462e-05,
 7.977181084178272e-06,
 1.2261726967606374e-05,
 2.2540108780346246e-05,
 2.8569807236945884e-05,
 2.427426682358068e-05,
 1.3997059628897784e-05,
 7.977184050827405e-06,
 1.226170201782031e-05,
 2.254008088177747e-05,
 2.85698042703113e-05,
 2.427429175852217e-05,
 1.3997087548407471e-05,
 7.977187017565808e-06,
 1.2261677068082452e-05,
 2.2540052983184803e-05,
 2.8569801303583572e-05,
 2.427431669341997e-05,
 1.3997115467951756e-05,
 7.977189984403282e-06,
 1.226165211840232e-05,
 2.2540025084540742e-05,
 2.856979833676306e-05,
 2.4274341628263484e-05,
 1.39971433875366e-05,
 7.97719295131803e-06,
 1.2261627168770393e-05,
 2.2539997185870616e-05,
 2.8569795369858707e-05,
 2.427436656306077e-05,
 1.3997171307154736e-05,
 7.97719591832931e-06,
 1.2261602219194886e-05,
 2.2539969287161177e-05,
 2.8569792402856913e-05,
 2.4274391497790168e-05,
 1.3997199226819392e-05,
 7.977198885427672e-06,
 1.226157726967449e-05,
 2.2539941388415767e-05,
 2.8569789435775573e-05,
 2.4274416432481423e-05,
 1.3997227146513994e-05,
 7.9772018526153e-06,
 1.2261552320199311e-05,
 2.2539913489628865e-05,
 2.8569786468588202e-05,
 2.427444136710732e-05,
 1.3997255066244501e-05,
 7.97720481990383e-06,
 1.2261527370784849e-05,
 2.253988559079828e-05,
 2.856978350133024e-05,
 2.4274466301689988e-05,
 1.3997282986011645e-05,
 7.977207787272885e-06,
 1.22615024214156e-05,
 2.2539857691943813e-05,
 2.8569780533965884e-05,
 2.4274491236217914e-05,
 1.3997310905817313e-05,
 7.977210754735578e-06,
 1.2261477472097164e-05,
 2.2539829793047844e-05,
 2.856977756651769e-05,
 2.427451617068901e-05,
 1.3997338825671535e-05,
 7.97721372228789e-06,
 1.2261452522839453e-05,
 2.253980189411038e-05,
 2.8569774598985655e-05,
 2.427454110511642e-05,
 1.399736674555105e-05,
 7.977216689931657e-06,
 1.2261427573636853e-05,
 2.2539773995131423e-05,
 2.8569771631351534e-05,
 2.4274566039481476e-05,
 1.3997394665481741e-05,
 7.977219657665043e-06]