[0.00032257248602895257,
 0.0003048658715297387,
 0.0005436290345785902,
 5.343742262559709e-05,
 2.6517000585544068e-05,
 1.0602461671510079e-05,
 3.506875029957065e-05,
 2.9443683623090586e-05,
 2.4978077226544804e-05,
 2.1337162101210437e-06,
 4.203981722154779e-06,
 3.848690883019104e-06,
 4.008116057009382e-06,
 2.681193158686775e-06,
 6.19931192811694e-07,
 8.001458982899524e-07,
 5.34752538525918e-07,
 9.043599799239798e-08,
 1.7940294854324887e-08,
 2.0222001940244605e-09,
 6.141842888029932e-10,
 1.2352592967337378e-10,
 2.3939980279263574e-10,
 2.0222930748791882e-10,
 2.1655183047092517e-10,
 1.525714355276636e-11,
 9.703860380453562e-12,
 1.1711381133528866e-11,
 2.952824808970346e-12,
 3.0772171085643014e-13,
 2.2320350971660911e-13,
 2.1342433673405352e-13,
 6.296923147303277e-14,
 7.738852414874704e-14,
 6.626535647069718e-14,
 1.6910609454252184e-14,
 1.2009535792649985e-14,
 4.099316348698948e-15,
 1.4734922453314697e-15,
 5.455397029906636e-16,
 1.0231250014753598e-15,
 5.916519614377759e-16,
 3.0094684844616974e-16,
 1.7994256032981634e-16,
 2.5144628366930043e-17,
 1.9137194748450156e-17,
 3.553062744447981e-18,
 3.037767400764731e-19,
 1.0367268887328682e-19,
 7.388760658075733e-20]